-533 -959
-500 -666
724 169
358 478
-536 -38
-855 705
-173 281
-509 961
942 -5
436 -173
-396 -609
-847 902
-618 -708
-284 421
895 718
726 447
538 -229
912 869
-701 667
894 35
811 -297
-667 322
-336 673
711 141
-132 -747
644 547
-243 -338
-141 -963
741 -277
-222 529
35 -684
842 -810
-894 -712
-58 40
-352 264
805 446
-271 890
350 -630
101 6
548 -607
-377 629
954 -916
840 -244
376 -34
-692 931
-561 -56
323 -374
538 537
-918 -882
-459 -71
115 -167
658 -361
930 -296
-694 977
-614 673
-255 21
72 -76
829 -730
573 -223
-488 97
290 986
-364 161
-233 -645
574 655
-948 -969
150 350
724 -59
430 966
-809 107
337 -993
-713 457
-617 753
-91 -55
758 -791
-412 -779
-54 -578
30 506
168 -587
-409 -100
655 -238
-641 410
-463 624
-517 548
-959 595
-650 602
-164 -709
20 374
-979 -404
199 348
-516 668
-266 -719
999 -947
938 -582
788 -100
-533 -873
-107 728
-517 -352
-579 807
-383 -690
514 -187
